Day1:11.4,45,92.7,6.6
Day2:23.7,76,1.8,5.2
Day3:10.9,34,82.8,17.2
Day4:13.7,34,42.3,16.5
Day5:-2.9,58,97.3,11.4
Day6:27.7,87,51.6,15.1
Day7:24.5,72,11.7,14.1
Day8:16.4,31,56.9,17.7
Day9:30.5,38,55.5,19.1
Day10:10.5,59,15.7,5.1
Day11:-3.6,85,36.1,14.2
Day12:1.7,96,39.1,17.8
Day13:19.7,64,54.9,16.9
Day14:12.2,36,76.9,14.3
Day15:-4.7,30,19.6,11.6
Day16:33.6,70,3.4,0.8
Day17:17.3,59,18.2,9.3
Day18:11.6,75,86.6,17.0
Day19:14.5,64,45.8,7.3
Day20:27.5,78,0.8,1.1
Day21:0.6,47,64.0,16.9
Day22:-0.0,23,50.5,5.7
Day23:17.7,55,99.1,19.8
Day24:3.4,68,7.1,5.5
Day25:33.3,86,4.9,15.3
Day26:20.2,90,90.9,0.7
Day27:24.6,93,35.2,13.6
Day28:22.9,68,67.0,6.4
Day29:25.9,59,71.9,4.5
Day30:28.4,96,58.2,11.5